0 15200 11200 14100 10500 18700 26500 30100 0 0 0 0 0 0 0 0 0 0 0 0 0 0 0 0 0 0 0 0 0 0 0 0 0 0 0 
15200 0 14300 0 0 0 16300 0 0 0 0 10500 0 0 0 0 0 23500 0 0 18000 0 0 0 15400 0 0 0 0 0 0 0 0 0 0 
11200 14300 0 25700 0 0 0 0 0 0 0 0 0 0 0 0 0 0 0 0 0 0 0 0 12600 0 0 0 0 0 0 0 0 0 0 
14100 0 25700 0 13000 0 0 0 0 0 0 0 0 0 0 0 0 0 0 0 0 0 0 0 13400 15100 0 0 0 0 0 0 0 0 0 
10500 0 0 13000 0 0 0 0 0 0 0 0 0 0 0 0 0 0 0 0 0 0 0 0 0 47000 43400 46600 41700 12500 0 0 0 0 0 
18700 0 0 0 0 0 35000 38000 0 45000 10500 0 0 0 0 0 0 0 0 0 0 0 0 0 0 0 0 0 0 0 0 0 0 0 0 
26500 16300 0 0 0 35000 0 0 0 0 44800 11000 13700 0 0 0 0 0 0 0 0 0 0 0 0 0 0 0 0 0 0 0 0 0 10500 
30100 0 0 0 0 38000 0 0 23800 44000 0 0 0 0 0 0 0 0 0 0 0 0 0 0 0 0 0 0 0 0 0 0 0 0 0 
0 0 0 0 0 0 0 23800 0 57400 57000 0 0 0 0 0 0 0 0 0 0 0 0 0 0 0 0 0 0 0 0 0 0 0 0 
0 0 0 0 0 45000 0 44000 57400 0 26700 0 0 0 0 0 0 0 0 0 0 0 0 0 0 0 0 0 0 0 0 0 0 0 0 
0 0 0 0 0 10500 44800 0 57000 26700 0 0 0 0 0 0 0 0 0 0 0 0 0 0 0 0 0 0 0 0 56700 0 0 0 48500 
0 10500 0 0 0 0 11000 0 0 0 0 0 19000 0 11200 0 0 12000 0 0 0 0 0 0 0 0 0 0 0 0 0 0 0 0 0 
0 0 0 0 0 0 13700 0 0 0 0 19000 0 22000 29700 0 0 0 0 0 0 0 0 0 0 0 0 0 0 0 0 0 0 0 25000 
0 0 0 0 0 0 0 0 0 0 0 0 22000 0 29100 0 0 0 0 0 0 0 0 0 0 0 0 0 0 0 0 0 0 0 21200 
0 0 0 0 0 0 0 0 0 0 0 11200 29700 0 0 14400 0 30500 0 0 0 0 0 0 0 0 0 0 0 0 0 0 0 0 0 
0 0 0 0 0 0 0 0 0 0 0 0 0 0 14400 0 26500 32700 0 0 0 0 0 0 0 0 0 0 0 0 0 0 0 0 0 
0 0 0 0 0 0 0 0 0 0 0 0 0 0 0 26500 0 13300 0 0 0 0 0 0 0 0 0 0 0 0 0 0 0 0 0 
0 23500 0 0 0 0 0 0 0 0 0 12000 0 0 30500 32700 13300 0 17900 0 18600 0 0 0 0 0 0 0 0 0 0 0 0 0 0 
0 0 0 0 0 0 0 0 0 0 0 0 0 0 0 0 0 17900 0 15600 19600 0 0 0 0 0 0 0 0 0 0 0 0 0 0 
0 0 0 0 0 0 0 0 0 0 0 0 0 0 0 0 0 0 15600 0 18400 10700 0 0 0 0 0 0 0 0 0 0 0 0 0 
0 18000 0 0 0 0 0 0 0 0 0 0 0 0 0 0 0 18600 19600 18400 0 16300 0 0 23700 0 0 0 0 0 0 0 0 0 0 
0 0 0 0 0 0 0 0 0 0 0 0 0 0 0 0 0 0 0 10700 16300 0 11200 27000 25700 0 0 0 0 0 0 0 0 0 0 
0 0 0 0 0 0 0 0 0 0 0 0 0 0 0 0 0 0 0 0 0 11200 0 17000 0 0 0 0 0 0 0 0 0 0 0 
0 0 0 0 0 0 0 0 0 0 0 0 0 0 0 0 0 0 0 0 0 27000 17000 0 15900 15100 0 0 0 0 0 0 0 0 0 
0 15400 12600 13400 0 0 0 0 0 0 0 0 0 0 0 0 0 0 0 0 23700 25700 0 15900 0 27200 0 0 0 0 0 0 0 0 0 
0 0 0 15100 47000 0 0 0 0 0 0 0 0 0 0 0 0 0 0 0 0 0 0 15100 27200 0 10500 0 0 0 0 0 0 0 0 
0 0 0 0 43400 0 0 0 0 0 0 0 0 0 0 0 0 0 0 0 0 0 0 0 0 10500 0 41200 0 0 0 0 0 0 0 
0 0 0 0 46600 0 0 0 0 0 0 0 0 0 0 0 0 0 0 0 0 0 0 0 0 0 41200 0 40500 0 0 0 0 0 0 
0 0 0 0 41700 0 0 0 0 0 0 0 0 0 0 0 0 0 0 0 0 0 0 0 0 0 0 40500 0 11700 0 0 0 0 0 
0 0 0 0 12500 0 0 0 0 0 0 0 0 0 0 0 0 0 0 0 0 0 0 0 0 0 0 0 11700 0 0 0 0 0 0 
0 0 0 0 0 0 0 0 0 0 56700 0 0 0 0 0 0 0 0 0 0 0 0 0 0 0 0 0 0 0 0 44500 0 0 37800 
0 0 0 0 0 0 0 0 0 0 0 0 0 0 0 0 0 0 0 0 0 0 0 0 0 0 0 0 0 0 44500 0 57600 37800 64400 
0 0 0 0 0 0 0 0 0 0 0 0 0 0 0 0 0 0 0 0 0 0 0 0 0 0 0 0 0 0 0 57600 0 47900 0 
0 0 0 0 0 0 0 0 0 0 0 0 0 0 0 0 0 0 0 0 0 0 0 0 0 0 0 0 0 0 0 37800 47900 0 39900 
0 0 0 0 0 0 10500 0 0 0 48500 0 25000 21200 0 0 0 0 0 0 0 0 0 0 0 0 0 0 0 0 37800 64400 0 39900 0 
